Brute-forcing 2 X 3 ...
4567
OIA: 2 X 3
2 3
7
0.00000000 0.35714286 0.14285714
0.14285714 0.14285714 0.21428571
0.50000000 0.50000000

0 5 2 
2 2 3 
2 3
7
0.00000000 0.21428571 0.28571429
0.21428571 0.21428571 0.07142857
0.50000000 0.50000000

0 3 4 
3 3 1 
1.42857 1.42857
1.14286 1.16667



10
OIA: 2 X 3
2 3
10
0.00000000 0.05000000 0.45000000
0.15000000 0.20000000 0.15000000
0.50000000 0.50000000

0 1 9 
3 4 3 
2 3
10
0.00000000 0.15000000 0.35000000
0.05000000 0.35000000 0.10000000
0.50000000 0.50000000

0 3 7 
1 7 2 
1.6 1.5
1.08333 1.4



15
OIA: 2 X 3
2 3
15
0.00000000 0.06666667 0.43333333
0.26666667 0.20000000 0.03333333
0.50000000 0.50000000

0 2 13 
8 6 1 
2 3
15
0.00000000 0.16666667 0.33333333
0.33333333 0.16666667 0.00000000
0.50000000 0.50000000

0 5 10 
10 5 0 
1.8 1.66667
1.5 2




23
