Brute-forcing 3 X 2 ...
456789101112131415
OIA: 3 X 2
3 2
15
0.00000000 0.33333334
0.17777778 0.15555556
0.28888890 0.04444445
0.33333334 0.33333334 0.33333334

0 15 
8 7 
13 2 
3 2
15
0.00000000 0.33333334
0.24444445 0.08888889
0.26666667 0.06666667
0.33333334 0.33333334 0.33333334

0 15 
11 4 
12 3 
1.86667 1.8
1.5 1.65217


29
OIA: 3 X 2
3 2
29
0.00000000 0.33333334
0.13793104 0.19540230
0.28735633 0.04597701
0.33333334 0.33333334 0.33333334

0 29 
12 17 
25 4 
3 2
29
0.00000000 0.33333334
0.25287357 0.08045977
0.26436782 0.06896552
0.33333334 0.33333334 0.33333334

0 29 
22 7 
23 6 
1.86207 1.7931
1.42 1.64444



40
OIA: 3 X 2
3 2
40
0.01666667 0.31666668
0.15000000 0.18333334
0.26666667 0.06666667
0.33333334 0.33333334 0.33333334

2 38 
18 22 
32 8 
3 2
40
0.01666667 0.31666668
0.24166667 0.09166667
0.24166667 0.09166667
0.33333334 0.33333334 0.33333334

2 38 
29 11 
29 11 
1.75 1.675
1.35294 1.6




47
OIA: 3 X 2
3 2
47
0.00709220 0.32624114
0.11347518 0.21985816
0.28368795 0.04964539
0.33333334 0.33333334 0.33333334

1 46 
16 31 
40 7 
3 2
47
0.00000000 0.33333334
0.24822696 0.08510639
0.24822696 0.08510639
0.33333334 0.33333334 0.33333334

0 47 
35 12 
35 12 
1.82979 1.74468
1.39286 1.64789




52
