Brute-forcing 3 X 3 ...
45
OIA: 3 X 3
3 3
5
0.00000000 0.06666667 0.26666667
0.06666667 0.20000001 0.06666667
0.33333334 0.00000000 0.00000000
0.33333334 0.33333334 0.33333334

0 1 4 
1 3 1 
5 0 0 
3 3
5
0.00000000 0.00000000 0.33333334
0.06666667 0.20000001 0.06666667
0.26666667 0.06666667 0.00000000
0.33333334 0.33333334 0.33333334

0 0 5 
1 3 1 
4 1 0 
2.4 2.4
2 2


6
OIA: 3 X 3
3 3
6
0.00000000 0.00000000 0.33333334
0.00000000 0.16666667 0.16666667
0.16666667 0.11111111 0.05555556
0.33333334 0.33333334 0.33333334

0 0 6 
0 3 3 
3 2 1 
3 3
6
0.00000000 0.22222223 0.11111111
0.11111111 0.22222223 0.00000000
0.27777779 0.05555556 0.00000000
0.33333334 0.33333334 0.33333334

0 4 2 
2 4 0 
5 1 0 
2 1.83333
1.2 1.44444


7
OIA: 3 X 3
3 3
7
0.00000000 0.04761905 0.28571429
0.00000000 0.19047620 0.14285715
0.19047620 0.00000000 0.14285715
0.33333334 0.33333334 0.33333334

0 1 6 
0 4 3 
4 0 3 
3 3
7
0.00000000 0.04761905 0.28571429
0.23809525 0.00000000 0.09523810
0.23809525 0.04761905 0.04761905
0.33333334 0.33333334 0.33333334

0 1 6 
5 0 2 
5 1 1 
2 1.71429
1.16667 1.6


11
